[gd_scene load_steps=14 format=3 uid="uid://dfauikegolgu3"]

[ext_resource type="PackedScene" uid="uid://do7002mkdg3un" path="res://balloon/balloon.tscn" id="2_gw050"]
[ext_resource type="PackedScene" uid="uid://luy7w0qfph84" path="res://player/player.tscn" id="3_n4swq"]
[ext_resource type="PackedScene" uid="uid://dxo43pwgdu1p5" path="res://interaction/draggable/cube_1_kg.tscn" id="4_m1504"]
[ext_resource type="PackedScene" uid="uid://nv6su48cqvpq" path="res://interaction/draggable/cube_5_kg.tscn" id="5_ifaiv"]
[ext_resource type="PackedScene" uid="uid://bwnxwpcp74sc" path="res://interaction/holddable/log_1.tscn" id="6_5k4jt"]
[ext_resource type="Shader" uid="uid://bbajv1x3vg24m" path="res://shaders/buckshot.gdshader" id="6_bg8b8"]

[sub_resource type="ShaderMaterial" id="ShaderMaterial_um0r6"]
shader = ExtResource("6_bg8b8")
shader_parameter/exposure = 1.0
shader_parameter/contrast = 1.05
shader_parameter/saturation = 0.9
shader_parameter/enable_pixelate = true
shader_parameter/pixel_factor = 3.0
shader_parameter/enable_posterize = true
shader_parameter/color_levels = 16.0
shader_parameter/dither_strength = 0.35
shader_parameter/chrom_aberration = 0.07
shader_parameter/vignette_strength = 1.0
shader_parameter/grain_strength = 0.2
shader_parameter/tint_color = Vector3(0.95, 1.03, 0.9)
shader_parameter/tint_strength = 0.15
shader_parameter/viewport_size_override = Vector2(0, 0)

[sub_resource type="QuadMesh" id="QuadMesh_bg8b8"]
size = Vector2(1920, 1080)

[sub_resource type="ProceduralSkyMaterial" id="ProceduralSkyMaterial_j8sk2"]
sky_top_color = Color(0.39370683, 0.2105827, 0.13718012, 1)
sky_horizon_color = Color(0.35507524, 0.25341445, 0.22689277, 1)
ground_bottom_color = Color(0, 0, 0, 1)
ground_horizon_color = Color(0, 0, 0, 1)

[sub_resource type="Sky" id="Sky_j8sk2"]
sky_material = SubResource("ProceduralSkyMaterial_j8sk2")

[sub_resource type="Environment" id="Environment_mkte3"]
background_mode = 2
sky = SubResource("Sky_j8sk2")
tonemap_mode = 3
sdfgi_enabled = true
volumetric_fog_enabled = true
volumetric_fog_albedo = Color(0.68307734, 0.6830774, 0.68307734, 1)
volumetric_fog_emission = Color(0.416584, 0.13301322, 0.17185235, 1)
volumetric_fog_emission_energy = 0.1
volumetric_fog_length = 128.0
adjustment_enabled = true
adjustment_brightness = 1.2

[sub_resource type="BoxShape3D" id="BoxShape3D_j8sk2"]
size = Vector3(7.1563263, 0.048828125, 3.9892578)

[sub_resource type="PlaneMesh" id="PlaneMesh_n4swq"]

[node name="Main" type="Node3D"]

[node name="Mask" type="MeshInstance2D" parent="."]
texture_filter = 1
material = SubResource("ShaderMaterial_um0r6")
position = Vector2(960, 540)
mesh = SubResource("QuadMesh_bg8b8")

[node name="Balloon" parent="." node_paths=PackedStringArray("tilt_objects") instance=ExtResource("2_gw050")]
transform = Transform3D(1, 0, 0, 0, 1, 0, 0, 0, 1, -23.41064, -0.70162964, -0.47116137)
mass = 10.0
tilt_objects = [NodePath("Player"), NodePath("Cube_1kg"), NodePath("Cube_5kg"), NodePath("Log1"), NodePath("Log2"), NodePath("Log3"), NodePath("Log4"), NodePath("Log5"), NodePath("Log6")]
object_weights = Array[float]([5.0, 5.0, 10.0, 1.0, 1.0, 1.0, 1.0, 1.0, 1.0])

[node name="Player" parent="Balloon" instance=ExtResource("3_n4swq")]
transform = Transform3D(-0.86661816, 0, 0.49897182, 0, 1, 0, -0.49897182, 0, -0.86661816, 1.9699917, 0.3282318, -1.7366116)

[node name="Cube_1kg" parent="Balloon" instance=ExtResource("4_m1504")]
transform = Transform3D(1, 0, 0, 0, 1, 0, 0, 0, 1, -1.1780186, 1.7767951, 0)

[node name="Cube_5kg" parent="Balloon" instance=ExtResource("5_ifaiv")]
transform = Transform3D(-0.050558, 0.99872124, 0, -0.99872124, -0.050558, 0, 0, 0, 1, -1.390419, 1.3784277, -1.8349178)
contact_monitor = true
max_contacts_reported = 1

[node name="Log1" parent="Balloon" instance=ExtResource("6_5k4jt")]
transform = Transform3D(-0.9169348, 0, 0.3990371, 0, 1, 0, -0.3990371, 0, -0.9169348, -2.2241611, 1.2795086, 1.3332355)

[node name="Log2" parent="Balloon" instance=ExtResource("6_5k4jt")]
transform = Transform3D(-0.9169348, 0, 0.3990371, 0, 1, 0, -0.3990371, 0, -0.9169348, -0.45453835, 1.2795086, 1.3229936)

[node name="Log3" parent="Balloon" instance=ExtResource("6_5k4jt")]
transform = Transform3D(-0.9169348, 0, 0.3990371, 0, 1, 0, -0.3990371, 0, -0.9169348, -0.68006134, 1.2795086, 1.8412161)

[node name="Log4" parent="Balloon" instance=ExtResource("6_5k4jt")]
transform = Transform3D(0.52267706, 0, -0.8525307, 0, 1, 0, 0.8525307, 0, 0.52267706, 2.2057743, 0.76437664, 0.41985977)

[node name="Log5" parent="Balloon" instance=ExtResource("6_5k4jt")]
transform = Transform3D(0.52267706, 0, -0.8525307, 0, 1, 0, 0.8525307, 0, 0.52267706, 0.74978256, 0.76437664, -0.586002)

[node name="Log6" parent="Balloon" instance=ExtResource("6_5k4jt")]
transform = Transform3D(0.52267706, 0, -0.8525307, 0, 1, 0, 0.8525307, 0, 0.52267706, 1.2316055, 0.76437664, -0.8814025)

[node name="Env" type="Node3D" parent="."]

[node name="WorldEnvironment" type="WorldEnvironment" parent="Env"]
environment = SubResource("Environment_mkte3")

[node name="DirectionalLight3D" type="DirectionalLight3D" parent="Env"]
transform = Transform3D(-0.18572283, 0.6633256, -0.724918, 0.16462597, 0.7483309, 0.6425723, 0.9687132, 0, -0.24818276, 0, 0, 0)
visible = false

[node name="CSGMesh3D" type="StaticBody3D" parent="Env"]
transform = Transform3D(10, 0, 0, 0, 10, 0, 0, 0, 10, 7.4424267, -0.86764, 0)
collision_layer = 2147483649

[node name="CollisionShape3D" type="CollisionShape3D" parent="Env/CSGMesh3D"]
transform = Transform3D(1, 0, 0, 0, 1, 0, 0, 0, 1, -0.70308685, 0, 0)
shape = SubResource("BoxShape3D_j8sk2")

[node name="MeshInstance3D" type="MeshInstance3D" parent="Env/CSGMesh3D"]
transform = Transform3D(3.5743504, 0, 0, 0, 1, 0, 0, 0, 2.0414488, -0.70807123, 0, 0)
mesh = SubResource("PlaneMesh_n4swq")

[node name="CSGBox3D" type="CSGBox3D" parent="Env"]
transform = Transform3D(10, 0, 0, 0, 10, 0, 0, 0, 10, 0.8706422, 5.230399, -15.352704)
size = Vector3(0.14355469, 1, 0.123046875)

[node name="CSGBox3D2" type="CSGBox3D" parent="Env"]
transform = Transform3D(10, 0, 0, 0, 10, 0, 0, 0, 10, -7.744095, -2.8969574, -0.45537984)
size = Vector3(0.14355469, 1, 0.123046875)

[node name="CSGBox3D3" type="CSGBox3D" parent="Env"]
transform = Transform3D(10, 0, 0, 0, 10, 0, 0, 0, 10, 10.385979, 1.1293879, -7.3013687)
size = Vector3(0.14355469, 1, 0.123046875)

[node name="CSGBox3D4" type="CSGBox3D" parent="Env"]
transform = Transform3D(10, 0, 0, 0, 10, 0, 0, 0, 10, 7.567256, 1.7426643, 10.42232)
size = Vector3(0.14355469, 1, 0.123046875)

[node name="CSGBox3D5" type="CSGBox3D" parent="Env"]
transform = Transform3D(10, 0, 0, 0, 10, 0, 0, 0, 10, 25.216011, -2.035718, 10.051509)
size = Vector3(0.14355469, 1, 0.123046875)

[node name="CSGBox3D6" type="CSGBox3D" parent="Env"]
transform = Transform3D(10, 0, 0, 0, 10, 0, 0, 0, 10, 18.919073, 3.3839562, -15.531366)
size = Vector3(0.14355469, 1, 0.123046875)

[node name="CSGBox3D7" type="CSGBox3D" parent="Env"]
transform = Transform3D(10, 0, 0, 0, 10, 0, 0, 0, 10, 15.914172, 2.3841858e-07, 1.4379094)
size = Vector3(0.14355469, 1, 0.123046875)
