[gd_scene load_steps=38 format=3 uid="uid://teq6yccg8gfb"]

[ext_resource type="ArrayMesh" uid="uid://doplupf124pm2" path="res://assets/buildings/church.res" id="1_wkf7w"]
[ext_resource type="Texture2D" uid="uid://ctm4chl0f4av7" path="res://assets/stolen/Survival/Textures/Rock.jpg" id="2_cfm6c"]
[ext_resource type="PackedScene" uid="uid://dduhus42o4l1a" path="res://balloon/objects/oven.tscn" id="3_n085v"]
[ext_resource type="Texture2D" uid="uid://vq3bp01iok3j" path="res://assets/stolen/psx/Wood_11-512x512.png" id="4_421my"]
[ext_resource type="PackedScene" uid="uid://dl6jy8rehrgdk" path="res://interaction/draggable/log_1.tscn" id="4_886i1"]
[ext_resource type="PackedScene" uid="uid://coo4eh02kt2xq" path="res://balloon/climb_edge.tscn" id="4_g25at"]
[ext_resource type="ArrayMesh" uid="uid://brs1h7m35g41b" path="res://assets/stolen/props/plank_007.obj" id="5_4wh7y"]
[ext_resource type="PackedScene" uid="uid://b7xlkcxxeb83b" path="res://interaction/draggable/log_2.tscn" id="5_g25at"]
[ext_resource type="PackedScene" uid="uid://cjoaycqnn5tys" path="res://interaction/draggable/log_3.tscn" id="6_4b5ck"]
[ext_resource type="PackedScene" uid="uid://cigvl0v04l7cs" path="res://interaction/interaction_component.tscn" id="7_6ioy8"]
[ext_resource type="PackedScene" uid="uid://bdi4tb4kffd6k" path="res://interaction/draggable/plank_1.tscn" id="7_fc33q"]
[ext_resource type="Script" uid="uid://cteghkwxq47t7" path="res://interaction/interaction_climb.gd" id="8_8qil6"]
[ext_resource type="PackedScene" uid="uid://cvra0xi1l8fcx" path="res://interaction/draggable/plank_2.tscn" id="8_n2a5e"]
[ext_resource type="Script" path="res://interaction/interaction_ui_data.gd" id="9_j0nhb"]
[ext_resource type="PackedScene" uid="uid://mifrhimmyol5" path="res://interaction/draggable/plank_3.tscn" id="9_qftyv"]
[ext_resource type="Texture2D" uid="uid://qaxodjn4uuxn" path="res://assets/ui/mouse_left_button.png" id="10_iqv37"]
[ext_resource type="Texture2D" uid="uid://d0oj7ksp72kwc" path="res://assets/ui/SPACE.png" id="11_ylhff"]
[ext_resource type="PackedScene" uid="uid://d1ffaam5q4ph" path="res://balloon/objects/compass.tscn" id="18_8qil6"]

[sub_resource type="PlaneMesh" id="PlaneMesh_wkf7w"]
size = Vector2(7, 3)

[sub_resource type="StandardMaterial3D" id="StandardMaterial3D_n085v"]
albedo_color = Color(0.8217887, 0.82178867, 0.82178867, 1)
albedo_texture = ExtResource("2_cfm6c")
uv1_scale = Vector3(8, 8, 8)

[sub_resource type="ConvexPolygonShape3D" id="ConvexPolygonShape3D_8qil6"]
points = PackedVector3Array(-3.5, 0, -1.5, -3.5, 0, 1.5, 3.5, 0, -1.5, 3.5, 0, 1.5)

[sub_resource type="PlaneMesh" id="PlaneMesh_cfm6c"]
size = Vector2(2, 5)

[sub_resource type="PlaneMesh" id="PlaneMesh_n085v"]
size = Vector2(1.5, 1.95)

[sub_resource type="BoxShape3D" id="BoxShape3D_wkf7w"]
size = Vector3(5.113, 2, 0.351)

[sub_resource type="BoxShape3D" id="BoxShape3D_cfm6c"]
size = Vector3(2.022, 2, 0.341)

[sub_resource type="BoxShape3D" id="BoxShape3D_n085v"]
size = Vector3(1.492, 2, 0.231)

[sub_resource type="BoxShape3D" id="BoxShape3D_mlbqu"]
size = Vector3(0.246, 2, 2.061)

[sub_resource type="BoxShape3D" id="BoxShape3D_421my"]
size = Vector3(0.148, 2, 1.622)

[sub_resource type="BoxShape3D" id="BoxShape3D_4wh7y"]
size = Vector3(0.163, 2, 1.153)

[sub_resource type="BoxShape3D" id="BoxShape3D_5qjer"]
size = Vector3(0.098, 2, 0.999)

[sub_resource type="StandardMaterial3D" id="StandardMaterial3D_5qjer"]
albedo_color = Color(0.46229059, 0.46229059, 0.46229059, 1)
albedo_texture = ExtResource("4_421my")
uv1_scale = Vector3(2, 2, 2)

[sub_resource type="BoxShape3D" id="BoxShape3D_886i1"]
size = Vector3(0.92006016, 0.14529419, 2.021286)

[sub_resource type="Resource" id="Resource_j0nhb"]
script = ExtResource("9_j0nhb")
icon = ExtResource("10_iqv37")
prompt = "Peak"
metadata/_custom_type_script = "uid://bd1dhdqfubwrg"

[sub_resource type="Resource" id="Resource_iqv37"]
script = ExtResource("9_j0nhb")
icon = ExtResource("11_ylhff")
prompt = "Cross"
metadata/_custom_type_script = "uid://bd1dhdqfubwrg"

[sub_resource type="BoxShape3D" id="BoxShape3D_5j1qt"]
size = Vector3(0.9415283, 0.3046875, 1.9794312)

[sub_resource type="Resource" id="Resource_6ioy8"]
script = ExtResource("9_j0nhb")
icon = ExtResource("10_iqv37")
prompt = "Get On"
metadata/_custom_type_script = "uid://bd1dhdqfubwrg"

[sub_resource type="Resource" id="Resource_8qil6"]
script = ExtResource("9_j0nhb")
icon = ExtResource("11_ylhff")
prompt = "Cross"
metadata/_custom_type_script = "uid://bd1dhdqfubwrg"

[node name="StartRoom" type="Node3D"]

[node name="Church" type="MeshInstance3D" parent="."]
mesh = ExtResource("1_wkf7w")
skeleton = NodePath("../..")

[node name="Ground" type="Node3D" parent="Church"]
transform = Transform3D(1, 0, 0, 0, 1, 0, 0, 0, 1, 0, 0.007103145, 0)

[node name="MeshInstance3D2" type="MeshInstance3D" parent="Church/Ground"]
transform = Transform3D(1, 0, 0, 0, 1, 0, 0, 0, 1, 0.50355446, -2.007, -0.5000801)
mesh = SubResource("PlaneMesh_wkf7w")
skeleton = NodePath("../../RoomColliders")
surface_material_override/0 = SubResource("StandardMaterial3D_n085v")

[node name="StaticBody3D" type="StaticBody3D" parent="Church/Ground"]
collision_layer = 2147483649

[node name="CollisionShape3D" type="CollisionShape3D" parent="Church/Ground/StaticBody3D"]
transform = Transform3D(1, 0, 0, 0, 1, 0, 0, 0, 1, 0.50355446, -2.007, -0.5000801)
shape = SubResource("ConvexPolygonShape3D_8qil6")

[node name="MeshInstance3D3" type="MeshInstance3D" parent="Church/Ground"]
transform = Transform3D(1, 0, 0, 0, 1, 0, 0, 0, 1, 2.9924784, -2.007, -0.49267277)
mesh = SubResource("PlaneMesh_cfm6c")
skeleton = NodePath("../../RoomColliders")
surface_material_override/0 = SubResource("StandardMaterial3D_n085v")

[node name="MeshInstance3D4" type="MeshInstance3D" parent="Church/Ground"]
transform = Transform3D(1, 0, 0, 0, 1, 0, 0, 0, 1, 4.717536, -2.007, -0.48152643)
mesh = SubResource("PlaneMesh_n085v")
skeleton = NodePath("../../RoomColliders")
surface_material_override/0 = SubResource("StandardMaterial3D_n085v")

[node name="RoomColliders" type="StaticBody3D" parent="Church"]

[node name="CollisionShape3D" type="CollisionShape3D" parent="Church/RoomColliders"]
transform = Transform3D(1, 0, 0, 0, 1, 0, 0, 0, 1, -0.4504285, -0.9792238, 0.98594975)
shape = SubResource("BoxShape3D_wkf7w")

[node name="CollisionShape3D2" type="CollisionShape3D" parent="Church/RoomColliders"]
transform = Transform3D(1, 0, 0, 0, 1, 0, 0, 0, 1, 2.9927244, -0.9792238, 1.9454699)
shape = SubResource("BoxShape3D_cfm6c")

[node name="CollisionShape3D3" type="CollisionShape3D" parent="Church/RoomColliders"]
transform = Transform3D(1, 0, 0, 0, 1, 0, 0, 0, 1, 4.7467756, -0.9792238, 0.5001969)
shape = SubResource("BoxShape3D_n085v")

[node name="CollisionShape3D4" type="CollisionShape3D" parent="Church/RoomColliders"]
transform = Transform3D(1, 0, 0, 0, 1, 0, 0, 0, 1, -0.50891876, -0.9792238, -2.028433)
shape = SubResource("BoxShape3D_wkf7w")

[node name="CollisionShape3D5" type="CollisionShape3D" parent="Church/RoomColliders"]
transform = Transform3D(1, 0, 0, 0, 1, 0, 0, 0, 1, 2.9927244, -0.9792238, -2.9993036)
shape = SubResource("BoxShape3D_cfm6c")

[node name="CollisionShape3D6" type="CollisionShape3D" parent="Church/RoomColliders"]
transform = Transform3D(1, 0, 0, 0, 1, 0, 0, 0, 1, 4.7467756, -0.9792238, -1.4632986)
shape = SubResource("BoxShape3D_n085v")

[node name="CollisionShape3D7" type="CollisionShape3D" parent="Church/RoomColliders"]
transform = Transform3D(1, 0, 0, 0, 1, 0, 0, 0, 1, 5.463851, -0.9792238, -0.5115851)
shape = SubResource("BoxShape3D_mlbqu")

[node name="CollisionShape3D8" type="CollisionShape3D" parent="Church/RoomColliders"]
transform = Transform3D(1, 0, 0, 0, 1, 0, 0, 0, 1, 3.973649, -0.9792238, 1.1896391)
shape = SubResource("BoxShape3D_421my")

[node name="CollisionShape3D9" type="CollisionShape3D" parent="Church/RoomColliders"]
transform = Transform3D(1, 0, 0, 0, 1, 0, 0, 0, 1, 2.0305347, -0.9792238, 1.470183)
shape = SubResource("BoxShape3D_4wh7y")

[node name="CollisionShape3D10" type="CollisionShape3D" parent="Church/RoomColliders"]
transform = Transform3D(1, 0, 0, 0, 1, 0, 0, 0, 1, -2.9524617, -0.9792238, 0.5386163)
shape = SubResource("BoxShape3D_5qjer")

[node name="CollisionShape3D13" type="CollisionShape3D" parent="Church/RoomColliders"]
transform = Transform3D(1, 0, 0, 0, 1, 0, 0, 0, 1, -2.9524617, -0.9792238, -1.5502281)
shape = SubResource("BoxShape3D_5qjer")

[node name="CollisionShape3D11" type="CollisionShape3D" parent="Church/RoomColliders"]
transform = Transform3D(1, 0, 0, 0, 1, 0, 0, 0, 1, 3.9764972, -0.9792238, -2.1666825)
shape = SubResource("BoxShape3D_421my")

[node name="CollisionShape3D12" type="CollisionShape3D" parent="Church/RoomColliders"]
transform = Transform3D(1, 0, 0, 0, 1, 0, 0, 0, 1, 2.0305347, -0.9792238, -2.459054)
shape = SubResource("BoxShape3D_4wh7y")

[node name="Oven" parent="." instance=ExtResource("3_n085v")]
transform = Transform3D(-2.6226834e-08, 0, 0.6, 0, 0.6, 0, -0.6, 0, -2.6226834e-08, 4.697576, -1.919863, -0.50978476)

[node name="ClimbEdge" parent="." instance=ExtResource("4_g25at")]
transform = Transform3D(0.9749401, 0, 0.22246745, 0, 1, 0, -0.22246745, 0, 0.9749401, 1.2239205, -1.6542552, 0.031823874)

[node name="MeshInstance3D" parent="ClimbEdge/StaticBody3D" index="0"]
material_override = SubResource("StandardMaterial3D_5qjer")

[node name="CollisionShape3D" parent="ClimbEdge/StaticBody3D" index="1"]
transform = Transform3D(0.31359488, 0.94955724, 0, -0.94955695, 0.31359473, 0, 7.450581e-09, -2.9802322e-08, 1, 0.009320021, 0.031287193, -2.9802322e-08)
shape = SubResource("BoxShape3D_886i1")

[node name="InteractionComponent" parent="ClimbEdge" index="4"]
ui_set = Array[ExtResource("9_j0nhb")]([SubResource("Resource_j0nhb"), SubResource("Resource_iqv37")])

[node name="CollisionShape3D" parent="ClimbEdge/InteractArea" index="0"]
shape = SubResource("BoxShape3D_5j1qt")

[node name="ClimbEdge2" type="Node3D" parent="."]
transform = Transform3D(-0.8211453, -0.47224692, 0.32047394, -0.5430459, 0.819251, -0.18419878, -0.1755613, -0.32528597, -0.9291757, 1.2718983, -1.562315, -1.1267534)

[node name="StaticBody3D" type="StaticBody3D" parent="ClimbEdge2"]
collision_layer = 5

[node name="MeshInstance3D" type="MeshInstance3D" parent="ClimbEdge2/StaticBody3D"]
transform = Transform3D(1.0062852, 1.6510378, 0, -3.0470066, 0.5452614, 0, 0, 0, 2.1037245, 0, 0, 0)
material_override = SubResource("StandardMaterial3D_5qjer")
mesh = ExtResource("5_4wh7y")
skeleton = NodePath("../../..")

[node name="CollisionShape3D" type="CollisionShape3D" parent="ClimbEdge2/StaticBody3D"]
transform = Transform3D(0.31359458, 0.9495563, 0, -0.949557, 0.31359476, 2.9802322e-08, 4.4703484e-08, -1.4901161e-08, 0.99999964, -0.021196067, 0.0641793, 0.0008780956)
shape = SubResource("BoxShape3D_886i1")

[node name="Exit1" type="Marker3D" parent="ClimbEdge2"]
transform = Transform3D(0.99999976, 3.7252903e-09, -1.4901161e-08, 8.195639e-08, 1, 2.9802322e-08, 2.9802322e-08, 0, 0.99999964, -0.21614143, -0.29010594, 0.18169463)

[node name="Exit2" type="Marker3D" parent="ClimbEdge2"]
transform = Transform3D(0.99999976, 3.7252903e-09, -1.4901161e-08, 8.568168e-08, 1, 2.9802322e-08, 2.9802322e-08, 0, 0.99999976, 0.5614795, 0.08747089, 0.081168056)

[node name="NormalCheckRay" type="RayCast3D" parent="ClimbEdge2"]
target_position = Vector3(0, 5, 0)

[node name="InteractionComponent" parent="ClimbEdge2" node_paths=PackedStringArray("object_ref") instance=ExtResource("7_6ioy8")]
script = ExtResource("8_8qil6")
viewing_offet = Vector3(0, 3, -0.2)
viewing_zoom = 0.95
_hold_to_switch = false
ui_set = Array[ExtResource("9_j0nhb")]([SubResource("Resource_6ioy8"), SubResource("Resource_8qil6")])
object_ref = NodePath("..")

[node name="InteractArea" type="Area3D" parent="ClimbEdge2"]

[node name="CollisionShape3D" type="CollisionShape3D" parent="ClimbEdge2/InteractArea"]
transform = Transform3D(0.8241259, -0.56640625, -2.9802322e-08, 0.54958165, 0.7996461, 0.24192196, -0.13702595, -0.1993742, 0.97029537, 0, 0.008615851, 0.03455627)
shape = SubResource("BoxShape3D_5j1qt")

[node name="Resources" type="Node3D" parent="."]
transform = Transform3D(0.6, 0, 0, 0, 0.6, 0, 0, 0, 0.6, 2.8581605, -1.5541602, -1.717271)

[node name="Log1" parent="Resources" instance=ExtResource("4_886i1")]
transform = Transform3D(1, 0, 0, 0, 1, 0, 0, 0, 1, 0.5155983, -0.5535852, 0.3733605)

[node name="Log2" parent="Resources" instance=ExtResource("4_886i1")]
transform = Transform3D(0.8694777, 0, 0.4939722, 0.30999497, 0.77857184, -0.5456455, -0.38459286, 0.6275555, 0.6769509, -0.11810398, -0.5535852, 0.3733605)

[node name="Log4" parent="Resources" instance=ExtResource("5_g25at")]
transform = Transform3D(1, 0, 0, 0, 1, 0, 0, 0, 1, -0.13526821, -0.65198267, -0.2922927)
angular_damp = 1.0

[node name="Log5" parent="Resources" instance=ExtResource("5_g25at")]
transform = Transform3D(0.5194296, 0, -0.85451317, 0, 0.99999994, 0, 0.85451317, 0, 0.5194296, 1.252285, -0.6519828, 0.22617173)
angular_damp = 1.0

[node name="Log3" parent="Resources" instance=ExtResource("6_4b5ck")]
transform = Transform3D(0.78046316, 0, -0.6252018, 0, 1, 0, 0.6252018, 0, 0.78046316, 0.25015974, -0.65198267, -0.2922927)
angular_damp = 1.0

[node name="Plank1" parent="Resources" instance=ExtResource("7_fc33q")]
transform = Transform3D(-0.63552576, 0, -0.7720795, 0, 0.99999994, 0, 0.7720795, 0, -0.63552576, -0.89173937, -0.3148036, 0.031168938)

[node name="Plank4" parent="Resources" instance=ExtResource("7_fc33q")]
transform = Transform3D(-0.06825894, 0, -0.9976677, 0, 1, 0, 0.9976677, 0, -0.06825894, 0.1543541, -0.31480348, -0.32621157)

[node name="Plank2" parent="Resources" instance=ExtResource("8_n2a5e")]
transform = Transform3D(0.8242646, 0, 0.5662049, 0.55424756, 0.2044277, -0.80685735, -0.11574799, 0.9788817, 0.16850252, 0.20203495, -0.3148036, 0.80812097)

[node name="Plank3" parent="Resources" instance=ExtResource("9_qftyv")]
transform = Transform3D(1, 0, 0, 0, 1, 0, 0, 0, 1, 0.6707592, -0.31480348, 0.031168818)

[node name="Compass" parent="." instance=ExtResource("18_8qil6")]
transform = Transform3D(1, 0, 0, 0, 1, 0, 0, 0, 1, -1.2825825, -1.892015, -0.7970441)

[editable path="ClimbEdge"]
