[gd_scene load_steps=31 format=3 uid="uid://do7002mkdg3un"]

[ext_resource type="Script" uid="uid://ck20vpmyq24vp" path="res://balloon/balloon_controller.gd" id="1_35dws"]
[ext_resource type="Script" uid="uid://d2om3mp2vqrru" path="res://balloon/flags.gd" id="2_2rviv"]
[ext_resource type="PackedScene" uid="uid://bn7oxoa3un034" path="res://balloon/basket_door.tscn" id="2_q3h3j"]
[ext_resource type="PackedScene" uid="uid://bt6tmy1fu5xa2" path="res://balloon/basket_sides.tscn" id="2_uro0l"]
[ext_resource type="PackedScene" uid="uid://d4gnly1bihpph" path="res://balloon/balloon_rope.tscn" id="3_rdoix"]
[ext_resource type="PackedScene" uid="uid://beknwj1i31wg" path="res://flag/Scenes/rope_flag_1.tscn" id="4_5n8ep"]
[ext_resource type="PackedScene" uid="uid://yemhlobyko22" path="res://flag/Scenes/rope_flag_2.tscn" id="4_cwey4"]
[ext_resource type="PackedScene" uid="uid://dduhus42o4l1a" path="res://balloon/objects/oven.tscn" id="4_t01tp"]
[ext_resource type="PackedScene" uid="uid://depltd622skn8" path="res://balloon/rope_interaction.tscn" id="4_uro0l"]
[ext_resource type="PackedScene" uid="uid://daaefyig6mah3" path="res://flag/Scenes/rope_flag_3.tscn" id="5_fbxog"]
[ext_resource type="ArrayMesh" uid="uid://bvgjihav87y6j" path="res://assets/balloon/Basket/Meshes/Basket.res" id="12_p5sb2"]
[ext_resource type="Material" uid="uid://de37j8tbo1c28" path="res://assets/balloon/Basket/Details.tres" id="15_0hh8o"]
[ext_resource type="ArrayMesh" uid="uid://c2bvqtxmapshk" path="res://assets/balloon/Basket/Meshes/BigPlank.res" id="16_i26vf"]
[ext_resource type="ArrayMesh" uid="uid://d1xm44d34t0mf" path="res://assets/balloon/Basket/Meshes/CorrugatedMetal.res" id="17_kawdg"]
[ext_resource type="PackedScene" uid="uid://dl6jy8rehrgdk" path="res://interaction/draggable/log_1.tscn" id="17_wq7tp"]
[ext_resource type="ArrayMesh" uid="uid://dr5i8jyoobmk2" path="res://assets/balloon/Basket/Meshes/SmallestPlanks.res" id="18_2pii6"]
[ext_resource type="PackedScene" uid="uid://b7xlkcxxeb83b" path="res://interaction/draggable/log_2.tscn" id="18_2whnr"]
[ext_resource type="PackedScene" uid="uid://cjoaycqnn5tys" path="res://interaction/draggable/log_3.tscn" id="19_2lwo6"]
[ext_resource type="ArrayMesh" uid="uid://dvxdcey46abg8" path="res://assets/balloon/Basket/Meshes/SmallPlanks.res" id="19_hex2p"]
[ext_resource type="PackedScene" uid="uid://bdi4tb4kffd6k" path="res://interaction/draggable/plank_1.tscn" id="20_ns4al"]
[ext_resource type="PackedScene" uid="uid://cvra0xi1l8fcx" path="res://interaction/draggable/plank_2.tscn" id="21_pnbqt"]
[ext_resource type="PackedScene" uid="uid://mifrhimmyol5" path="res://interaction/draggable/plank_3.tscn" id="22_yd7v6"]

[sub_resource type="BoxShape3D" id="BoxShape3D_q3h3j"]
size = Vector3(0.9675293, 0.07292175, 0.9849243)

[sub_resource type="SphereMesh" id="SphereMesh_2fgap"]

[sub_resource type="ImmediateMesh" id="ImmediateMesh_wq7tp"]
resource_local_to_scene = true
metadata/creation_stamp = 2510928567179

[sub_resource type="ImmediateMesh" id="ImmediateMesh_2whnr"]
resource_local_to_scene = true
metadata/creation_stamp = 2510962121613

[sub_resource type="ImmediateMesh" id="ImmediateMesh_2lwo6"]
resource_local_to_scene = true
metadata/creation_stamp = 2510995676047

[sub_resource type="ImmediateMesh" id="ImmediateMesh_ns4al"]
resource_local_to_scene = true
metadata/creation_stamp = 2511029230481

[sub_resource type="BoxShape3D" id="BoxShape3D_rdoix"]
size = Vector3(0.96102905, 0.46351624, 0.95084)

[sub_resource type="ViewportTexture" id="ViewportTexture_rdoix"]
viewport_path = NodePath("Body/UI/MaxLoadUI/SubViewport")

[node name="Balloon" type="RigidBody3D" groups=["balloon"]]
collision_layer = 0
collision_mask = 0
mass = 10.0
gravity_scale = 0.0
script = ExtResource("1_35dws")
max_tilt_angle = 10.0

[node name="Body" type="Node3D" parent="."]
transform = Transform3D(6, 0, 0, 0, 6, 0, 0, 0, 6, 0, 0, 0)

[node name="Bottom" type="CharacterBody3D" parent="Body" groups=["balloon_ground"]]
collision_layer = 1073741825

[node name="CollisionShape3D" type="CollisionShape3D" parent="Body/Bottom"]
transform = Transform3D(1, 0, 0, 0, 1, 0, 0, 0, 1, 0.029312134, 0.025814056, 0.023223877)
shape = SubResource("BoxShape3D_q3h3j")

[node name="BasketSides" parent="Body" instance=ExtResource("2_uro0l")]

[node name="BasketDoor" parent="Body" instance=ExtResource("2_q3h3j")]
transform = Transform3D(1.0000002, 0, 0, 0, 1.0000002, 0, 0, 0, 1, 0.5064939, 0.062470805, 0.02389434)

[node name="Oven" parent="Body" instance=ExtResource("4_t01tp")]
unique_name_in_owner = true
transform = Transform3D(0.15, 0, 0, 0, 0.15, 0, 0, 0, 0.15, 0, 0.064734146, 0)
skeleton = NodePath("..")

[node name="Model" type="Node3D" parent="Body"]

[node name="Basket" type="MeshInstance3D" parent="Body/Model"]
transform = Transform3D(0.16666667, 0, 0, 0, 0.16666667, 0, 0, 0, 0.16666667, 0.033377808, 0.02243486, 0.022525966)
mesh = ExtResource("12_p5sb2")
skeleton = NodePath("../../..")

[node name="BigPlank" type="MeshInstance3D" parent="Body/Model"]
transform = Transform3D(0.16666667, 0, 0, 0, 0.16666667, 0, 0, 0, 0.16666667, -0.4124157, 0.12484461, 0.44872102)
material_override = ExtResource("15_0hh8o")
mesh = ExtResource("16_i26vf")
skeleton = NodePath("../../..")

[node name="CorrugatedMetal" type="MeshInstance3D" parent="Body/Model"]
transform = Transform3D(0.16666667, 0, 0, 0, 0.16666667, 0, 0, 0, 0.16666667, -0.096544385, 0.11614712, -0.47550187)
material_override = ExtResource("15_0hh8o")
mesh = ExtResource("17_kawdg")
skeleton = NodePath("../../..")

[node name="SmallestPlanks" type="MeshInstance3D" parent="Body/Model"]
transform = Transform3D(0.16666667, 0, 0, 0, 0.16666667, 0, 0, 0, 0.16666667, 0.49263746, 0.13070904, 0.45981723)
material_override = ExtResource("15_0hh8o")
mesh = ExtResource("18_2pii6")
skeleton = NodePath("../../..")

[node name="SmallPlanks" type="MeshInstance3D" parent="Body/Model"]
transform = Transform3D(0.16666667, 0, 0, 0, 0.16666667, 0, 0, 0, 0.16666667, 0.5346992, 0.11948236, -0.08732039)
material_override = ExtResource("15_0hh8o")
mesh = ExtResource("19_hex2p")
skeleton = NodePath("../../..")

[node name="Ball" type="MeshInstance3D" parent="Body/Model"]
transform = Transform3D(3, 0, 0, 0, 3, 0, 0, 0, 3, 0, 3, 0)
mesh = SubResource("SphereMesh_2fgap")
skeleton = NodePath("../..")

[node name="Corners" type="Node3D" parent="Body"]
transform = Transform3D(1, 0, 0, 0, 1, 0, 0, 0, 1, 0, -0.116721, 0)

[node name="Corner_1" type="Node3D" parent="Body/Corners"]
transform = Transform3D(1, 0, 0, 0, 1, 0, 0, 0, 1, -0.42473024, 0.355, 0.49315727)

[node name="RopeInteraction" parent="Body/Corners/Corner_1" instance=ExtResource("4_uro0l")]
transform = Transform3D(0.541043, 0.316137, 0.779314, -0.39235, 0.914518, -0.098592, -0.743865, -0.252421, 0.61883, 0, 0, 0)

[node name="Corner_2" type="Node3D" parent="Body/Corners"]
transform = Transform3D(1, 0, 0, 0, 1, 0, 0, 0, 1, 0.4954381, 0.355, 0.48631462)

[node name="RopeInteraction" parent="Body/Corners/Corner_2" instance=ExtResource("4_uro0l")]
transform = Transform3D(0.668143, -0.30282, 0.679621, -0.0178129, 0.906657, 0.421493, -0.743819, -0.293724, 0.600382, 0, 0, 0)

[node name="Corner_3" type="Node3D" parent="Body/Corners"]
transform = Transform3D(1, 0, 0, 0, 1, 0, 0, 0, 1, 0.5045618, 0.355, -0.44069657)

[node name="RopeInteraction" parent="Body/Corners/Corner_3" instance=ExtResource("4_uro0l")]
transform = Transform3D(0.756661, -0.296234, 0.582846, 0.408164, 0.910436, -0.0671516, -0.510751, 0.288708, 0.809803, 0, 0, 0)

[node name="Corner_4" type="Node3D" parent="Body/Corners"]
transform = Transform3D(1, 0, 0, 0, 1, 0, 0, 0, 1, -0.42929205, 0.355, -0.4429774)

[node name="RopeInteraction" parent="Body/Corners/Corner_4" instance=ExtResource("4_uro0l")]
transform = Transform3D(0.539355, 0.278116, 0.794826, 0.0913627, 0.918987, -0.383558, -0.837108, 0.279491, 0.47025, 0, 0, 0)

[node name="Ropes" type="Node3D" parent="Body"]

[node name="BalloonRope_1" parent="Body/Ropes" node_paths=PackedStringArray("attach_end") instance=ExtResource("3_rdoix")]
transform = Transform3D(0.16666667, 0, 0, 0, 0.16666667, 0, 0, 0, 0.16666667, -0.19999999, 1.6000001, 0.20000002)
mesh = SubResource("ImmediateMesh_wq7tp")
attach_end = NodePath("../../Corners/Corner_1")

[node name="BalloonRope_2" parent="Body/Ropes" node_paths=PackedStringArray("attach_end") instance=ExtResource("3_rdoix")]
transform = Transform3D(0.16666667, 0, 0, 0, 0.16666667, 0, 0, 0, 0.16666667, 0.20000002, 1.6000001, 0.20000002)
mesh = SubResource("ImmediateMesh_2whnr")
skeleton = NodePath("../..")
attach_end = NodePath("../../Corners/Corner_2")

[node name="BalloonRope_3" parent="Body/Ropes" node_paths=PackedStringArray("attach_end") instance=ExtResource("3_rdoix")]
transform = Transform3D(0.16666667, 0, 0, 0, 0.16666667, 0, 0, 0, 0.16666667, 0.20000002, 1.6000001, -0.19999997)
mesh = SubResource("ImmediateMesh_2lwo6")
attach_end = NodePath("../../Corners/Corner_3")

[node name="BalloonRope_4" parent="Body/Ropes" node_paths=PackedStringArray("attach_end") instance=ExtResource("3_rdoix")]
transform = Transform3D(0.16666667, 0, 0, 0, 0.16666667, 0, 0, 0, 0.16666667, -0.19999999, 1.6000001, -0.19999997)
mesh = SubResource("ImmediateMesh_ns4al")
attach_end = NodePath("../../Corners/Corner_4")

[node name="Flags" type="Node3D" parent="Body"]

[node name="Flags1" type="Node3D" parent="Body/Flags" node_paths=PackedStringArray("attached_rope")]
script = ExtResource("2_2rviv")
attached_rope = NodePath("../../Ropes/BalloonRope_1")

[node name="Flag_1" parent="Body/Flags/Flags1" instance=ExtResource("4_5n8ep")]
transform = Transform3D(-0.017364798, 0.0984808, -4.3047317e-09, 0, -4.3711395e-09, -0.1, -0.0984808, -0.017364798, 7.5903933e-10, 0, -0.432378, 0)

[node name="Flag_2" parent="Body/Flags/Flags1" instance=ExtResource("4_5n8ep")]
transform = Transform3D(-0.017364798, 0.0984808, -4.3047317e-09, 0, -4.3711395e-09, -0.1, -0.0984808, -0.017364798, 7.5903933e-10, 0, -0.432378, 0)

[node name="Flag_3" parent="Body/Flags/Flags1" instance=ExtResource("4_5n8ep")]
transform = Transform3D(-0.017364798, 0.0984808, -4.3047317e-09, 0, -4.3711395e-09, -0.1, -0.0984808, -0.017364798, 7.5903933e-10, 0, -0.432378, 0)

[node name="Flags2" type="Node3D" parent="Body/Flags" node_paths=PackedStringArray("attached_rope")]
script = ExtResource("2_2rviv")
attached_rope = NodePath("../../Ropes/BalloonRope_2")

[node name="RopeFlag_1" parent="Body/Flags/Flags2" instance=ExtResource("4_cwey4")]
transform = Transform3D(-0.0939693, -0.034202, 1.49502e-09, 0, -4.37114e-09, -0.1, 0.034202, -0.0939693, 4.10753e-09, 0, 0, 0)

[node name="RopeFlag_2" parent="Body/Flags/Flags2" instance=ExtResource("4_cwey4")]
transform = Transform3D(-0.0939693, -0.034202, 1.49502e-09, 0, -4.37114e-09, -0.1, 0.034202, -0.0939693, 4.10753e-09, 0, 0, 0)

[node name="RopeFlag_3" parent="Body/Flags/Flags2" instance=ExtResource("4_cwey4")]
transform = Transform3D(-0.0939693, -0.034202, 1.49502e-09, 0, -4.37114e-09, -0.1, 0.034202, -0.0939693, 4.10753e-09, 0, 0, 0)

[node name="RopeFlag_4" parent="Body/Flags/Flags2" instance=ExtResource("4_cwey4")]
transform = Transform3D(-0.0939693, -0.034202, 1.49502e-09, 0, -4.37114e-09, -0.1, 0.034202, -0.0939693, 4.10753e-09, 0, 0, 0)

[node name="Flags3" type="Node3D" parent="Body/Flags" node_paths=PackedStringArray("attached_rope")]
script = ExtResource("2_2rviv")
attached_rope = NodePath("../../Ropes/BalloonRope_3")

[node name="RopeFlag_1" parent="Body/Flags/Flags3" instance=ExtResource("5_fbxog")]
transform = Transform3D(-0.15, -2.26494e-08, 9.90036e-16, 0, -6.55671e-09, -0.15, 2.26494e-08, -0.15, 6.55671e-09, 0, 0, 0)

[node name="RopeFlag_2" parent="Body/Flags/Flags3" instance=ExtResource("5_fbxog")]
transform = Transform3D(-0.15, -2.26494e-08, 9.90036e-16, 0, -6.55671e-09, -0.15, 2.26494e-08, -0.15, 6.55671e-09, 0, 0, 0)

[node name="RopeFlag_3" parent="Body/Flags/Flags3" instance=ExtResource("5_fbxog")]
transform = Transform3D(-0.15, -2.26494e-08, 9.90036e-16, 0, -6.55671e-09, -0.15, 2.26494e-08, -0.15, 6.55671e-09, 0, 0, 0)

[node name="RopeFlag_4" parent="Body/Flags/Flags3" instance=ExtResource("5_fbxog")]
transform = Transform3D(-0.15, -2.26494e-08, 9.90036e-16, 0, -6.55671e-09, -0.15, 2.26494e-08, -0.15, 6.55671e-09, 0, 0, 0)

[node name="ObjInBalloonArea" type="Area3D" parent="Body"]
unique_name_in_owner = true
transform = Transform3D(1, 0, 0, 0, 1, 0, 0, 0, 1, 0.02864655, 0, 0.019694507)
disable_mode = 2
collision_layer = 0
collision_mask = 5
gravity_point = true

[node name="CollisionShape3D" type="CollisionShape3D" parent="Body/ObjInBalloonArea"]
process_mode = 3
physics_interpolation_mode = 1
auto_translate_mode = 1
transform = Transform3D(1, 0, 0, 0, 1, 0, 0, 0, 1, 0.0022735614, 0.2524948, 0.00085258484)
shape = SubResource("BoxShape3D_rdoix")

[node name="UI" type="Node3D" parent="Body"]
visible = false

[node name="MaxLoadUI" type="Sprite3D" parent="Body/UI"]
transform = Transform3D(0.16666667, 0, 0, 0, -7.2852315e-09, 0.16666667, 0, -0.16666667, -7.2852315e-09, -0.19468498, 0.05225321, 0.33993506)
texture = SubResource("ViewportTexture_rdoix")

[node name="SubViewport" type="SubViewport" parent="Body/UI/MaxLoadUI"]
transparent_bg = true
size = Vector2i(512, 100)

[node name="MaxLoadLabel" type="Label" parent="Body/UI/MaxLoadUI/SubViewport"]
anchors_preset = 8
anchor_left = 0.5
anchor_top = 0.5
anchor_right = 0.5
anchor_bottom = 0.5
offset_left = -82.5
offset_top = -11.5
offset_right = 82.5
offset_bottom = 11.5
grow_horizontal = 2
grow_vertical = 2
size_flags_horizontal = 4
theme_override_font_sizes/font_size = 30
text = "Maximum load: 10 kg"
horizontal_alignment = 1
vertical_alignment = 1

[node name="MaxLoadUI2" type="Sprite3D" parent="Body/UI"]
transform = Transform3D(0.16666667, 0, 0, 0, -7.2852315e-09, 0.16666667, 0, -0.16666667, -7.2852315e-09, 0.23599426, 0.05225321, -0.39043412)
texture = SubResource("ViewportTexture_rdoix")

[node name="SubViewport" type="SubViewport" parent="Body/UI/MaxLoadUI2"]
transparent_bg = true
size = Vector2i(512, 100)

[node name="MaxLoadLabel" type="Label" parent="Body/UI/MaxLoadUI2/SubViewport"]
anchors_preset = 8
anchor_left = 0.5
anchor_top = 0.5
anchor_right = 0.5
anchor_bottom = 0.5
offset_left = -82.5
offset_top = -11.5
offset_right = 82.5
offset_bottom = 11.5
grow_horizontal = 2
grow_vertical = 2
size_flags_horizontal = 4
theme_override_font_sizes/font_size = 30
text = "Maximum load: 10 kg"
horizontal_alignment = 1
vertical_alignment = 1

[node name="GroundCheck" type="Node3D" parent="."]

[node name="GroundCheck_1" type="RayCast3D" parent="GroundCheck"]
unique_name_in_owner = true
transform = Transform3D(1, 0, 0, 0, 1, 0, 0, 0, 1, 0, 0.16100788, 0)
target_position = Vector3(0, -0.2, 0)
collision_mask = 2147483648

[node name="GroundCheck_2" type="RayCast3D" parent="GroundCheck"]
unique_name_in_owner = true
transform = Transform3D(1, 0, 0, 0, 1, 0, 0, 0, 1, -2.2536583, 0.16100788, 2.6153243)
target_position = Vector3(0, -0.2, 0)
collision_mask = 2147483648

[node name="GroundCheck_3" type="RayCast3D" parent="GroundCheck"]
unique_name_in_owner = true
transform = Transform3D(1, 0, 0, 0, 1, 0, 0, 0, 1, 2.6974897, 0.16100788, 2.6317258)
target_position = Vector3(0, -0.2, 0)
collision_mask = 2147483648

[node name="GroundCheck_4" type="RayCast3D" parent="GroundCheck"]
unique_name_in_owner = true
transform = Transform3D(1, 0, 0, 0, 1, 0, 0, 0, 1, 2.7580302, 0.16100788, -2.3905723)
target_position = Vector3(0, -0.2, 0)
collision_mask = 2147483648

[node name="GroundCheck_5" type="RayCast3D" parent="GroundCheck"]
unique_name_in_owner = true
transform = Transform3D(1, 0, 0, 0, 1, 0, 0, 0, 1, -2.3131738, 0.16100788, -2.349565)
target_position = Vector3(0, -0.2, 0)
collision_mask = 2147483648

[node name="Audio" type="Node3D" parent="."]

[node name="SFX_Engine" type="FmodEventEmitter3D" parent="Audio"]
event_name = "event:/Balloon/Engine"
event_guid = "{bb2df2d1-dfe8-4e3f-9101-b8cd2ce0a65b}"

[node name="SFX_Land" type="FmodEventEmitter3D" parent="Audio"]
event_name = "event:/Balloon/Land"
event_guid = "{129eb7de-5aa3-4fe6-b9e5-072bcaa3da0a}"

[node name="Log1" parent="." instance=ExtResource("17_wq7tp")]
transform = Transform3D(0.076514035, 0.24034664, 0.967667, -0.01894523, 0.97068715, -0.23959884, -0.99688864, 0, 0.07882461, -0.00870537, 1.3414998, -0.28672695)

[node name="Log2" parent="." instance=ExtResource("18_2whnr")]
transform = Transform3D(0.73372984, 0, -0.67944133, 0, 1, 0, 0.67944133, 0, 0.73372984, 0, 7.8575783, -1.4654067)

[node name="Log7" parent="." instance=ExtResource("18_2whnr")]
transform = Transform3D(0.73372984, 0, -0.67944133, 0, 1, 0, 0.67944133, 0, 0.73372984, 2.1599436, 7.8575783, -1.2556969)

[node name="Log6" parent="." instance=ExtResource("18_2whnr")]
transform = Transform3D(0.73372984, 0, -0.67944133, 0, 1, 0, 0.67944133, 0, 0.73372984, 0.11057407, 0.85814154, -1.2276964)

[node name="Log5" parent="." instance=ExtResource("18_2whnr")]
transform = Transform3D(0.16344956, -0.05014117, 0.98527676, -0.35565817, 0.92855626, 0.10625551, -0.9202126, -0.3677891, 0.13393894, -0.14989826, 1.1800601, -0.1803168)

[node name="Log3" parent="." instance=ExtResource("19_2lwo6")]
transform = Transform3D(0.3230586, 0, -0.946379, 0, 1, 0, 0.946379, 0, 0.3230586, -0.15730749, 1.3771147, -0.31641757)

[node name="Log4" parent="." instance=ExtResource("19_2lwo6")]
transform = Transform3D(-0.28644097, 0, -0.95809793, 0, 1, 0, 0.95809793, 0, -0.28644097, 0.09440826, 1.1554941, -0.23951545)

[node name="Log8" parent="." instance=ExtResource("19_2lwo6")]
transform = Transform3D(-0.69940114, -0.6742896, -0.23700628, -0.6386186, 0.7384671, -0.2164089, 0.32094356, 0, -0.94709855, 1.8740011, 7.709411, -1.8773029)

[node name="Plank1" parent="." instance=ExtResource("20_ns4al")]
transform = Transform3D(-0.052492987, -0.35253978, -0.9343234, 0.76681805, 0.585122, -0.26386076, 0.63971454, -0.73030686, 0.2396189, 0.024460178, 1.4039445, -0.27697498)

[node name="Plank5" parent="." instance=ExtResource("20_ns4al")]
transform = Transform3D(-0.50989985, 0.30562282, -0.8041123, 0.76681805, 0.585122, -0.26386076, 0.389862, -0.7511506, -0.5327108, 2.4838915, 7.312153, -1.911587)

[node name="Plank6" parent="." instance=ExtResource("20_ns4al")]
transform = Transform3D(-0.50989985, 0.30562282, -0.8041123, 0.76681805, 0.585122, -0.26386076, 0.389862, -0.7511506, -0.5327108, -0.32189023, 7.0820045, -1.2010946)

[node name="Plank7" parent="." instance=ExtResource("20_ns4al")]
transform = Transform3D(0.6284914, 0.47373757, -0.61690444, -0.12778735, 0.8452356, 0.5188912, 0.76724786, -0.24728599, 0.59176034, -0.5428893, 7.2940397, -0.7350259)

[node name="Plank2" parent="." instance=ExtResource("21_pnbqt")]
transform = Transform3D(0.10975168, 0, 0.99395895, 0, 1, 0, -0.99395895, 0, 0.10975168, -0.12027167, 1.346784, -0.15921015)

[node name="Plank3" parent="." instance=ExtResource("22_yd7v6")]
transform = Transform3D(0.46089578, 0.12639274, -0.87840754, -0.37970483, 0.9227177, -0.06646062, 0.8021219, 0.36416683, 0.4732685, 0.06040298, 1.3761469, -0.26452947)
